{
    "cameraMatrix": {
        "type_id": "opencv-matrix",
        "rows": 3,
        "cols": 3,
        "dt": "d",
        "data": [ 541.01222481167292, 0.0, 329.09825342383812, 0.0,
            540.32053205221257, 246.12959439362663, 0.0, 0.0, 1.0 ]
    },
    "distortionCoeffs": {
        "type_id": "opencv-matrix",
        "rows": 1,
        "cols": 5,
        "dt": "d",
        "data": [ -0.29378106074947613, 0.14579525436930854,
            -0.00066691287916121732, 0.00067056578557296164,
            -0.070084055270645984 ]
    },
    "rmse": 0.32511138000659717
}
