{
    "cameraMatrix": {
        "type_id": "opencv-matrix",
        "rows": 3,
        "cols": 3,
        "dt": "d",
        "data": [ 534.1320860009929, 0.0, 342.8441752990351, 0.0,
            534.18664925261487, 233.7184000840017, 0.0, 0.0, 1.0 ]
    },
    "distortionCoeffs": {
        "type_id": "opencv-matrix",
        "rows": 1,
        "cols": 5,
        "dt": "d",
        "data": [ -0.27587773006938066, 0.0048225402662123752,
            0.0012515592031825322, 1.509263641588356e-05,
            0.18019623438550281 ]
    },
    "rmse": 0.23410056216120287
}
